timestamp,label
2023-12-22 12:28:46.612,Sub-level 1 Start
2023-12-22 12:30:28.825,Sub-level 2 Start
2023-12-22 12:31:59.023,Sub-level 3 Start
2023-12-22 12:33:29.213,Sub-level 4 Start
2023-12-22 12:33:59.277,Sub-level 5 Start
2023-12-22 12:34:47.364,Sub-level 6 Start
2023-12-22 12:35:53.494,Sub-level 7 Start
2023-12-22 12:36:47.607,Sub-level 8 Start
2023-12-22 12:37:29.725,Sub-level 9 Start
